   5.0000000000000003E-002   0.0000000000000000     
  0.10000000000000001        0.0000000000000000     
  0.15000000000000002        0.0000000000000000     
  0.20000000000000001        0.0000000000000000     
  0.25000000000000000        0.0000000000000000     
  0.30000000000000004        0.0000000000000000     
  0.35000000000000003        0.0000000000000000     
  0.40000000000000002        0.0000000000000000     
  0.45000000000000001        0.0000000000000000     
  0.50000000000000000        0.0000000000000000     
  0.55000000000000004        0.0000000000000000     
  0.60000000000000009        0.0000000000000000     
  0.65000000000000002        0.0000000000000000     
  0.70000000000000007        0.0000000000000000     
  0.75000000000000000        0.0000000000000000     
  0.80000000000000004        0.0000000000000000     
  0.85000000000000009        0.0000000000000000     
  0.90000000000000002        8.8423906646180762E-003
  0.95000000000000007        5.3378241903054069E-002
   1.0000000000000000        9.3885964463104349E-002
   1.0500000000000000       0.11446040139303437     
   1.1000000000000001        6.4949693015176710E-002
   1.1500000000000001        2.1361228825124364E-002
   1.2000000000000002        6.8067045777835697E-004
   1.2500000000000000        3.7309591550796712E-004
   1.3000000000000000        1.2332732879287670E-003
   1.3500000000000001        3.9742892075340680E-002
   1.4000000000000001       0.11793615541993756     
   1.4500000000000002       0.14244244196724118     
   1.5000000000000000       0.12784775082011482     
   1.5500000000000000        6.9837412639353905E-002
   1.6000000000000001        8.9852003498529405E-003
   1.6500000000000001        7.4838021320547702E-004
   1.7000000000000002        1.2977923415895181E-004
   1.7500000000000000        1.4090202480154329E-005
   1.8000000000000000        3.6345666899935968E-006
   1.8500000000000001        6.3177327091479263E-005
   1.9000000000000001        3.3902818886506012E-003
   1.9500000000000002        3.4313871287290264E-002
   2.0000000000000000        8.0930248254744222E-002
   2.0500000000000003       0.11722923800486396     
   2.1000000000000001        8.5782771708275710E-002
   2.1499999999999999        3.6530699249394678E-002
   2.2000000000000002        2.5865665382879318E-002
   2.2500000000000000        3.3765584681988918E-002
   2.3000000000000003        3.1342168991632370E-002
   2.3500000000000001        2.6935598327129998E-002
   2.4000000000000004        1.5583155989238633E-002
   2.4500000000000002        2.7558314945782595E-002
   2.5000000000000000        3.4750093803677148E-002
