# Time-averaged data for fix RDF
# TimeStep Number-of-rows
# Row c_RDF[2]
#50000 50
1 0
2 0
3 0
4 0
5 0
6 0
7 0
8 0
9 0
10 0
11 0
12 0
13 0
14 0
15 0
16 0
17 0
18 0
19 0
20 0.295187
21 1.82111
22 3.52475
23 3.35284
24 2.5254
25 1.56977
26 1.21367
27 0.683005
28 0.571267
29 0.431371
30 0.363535
31 0.391285
32 0.455976
33 0.541074
34 0.518349
35 0.60592
36 0.828707
37 0.842654
38 1.08377
39 1.30362
40 1.22319
41 1.19879
42 1.12789
43 1.03966
44 1.10747
45 0.927692
46 0.798628
47 0.737902
48 0.636294
49 0.510533
50 0.483173
