   5.0000000000000003E-002   0.0000000000000000     
  0.10000000000000001        0.0000000000000000     
  0.15000000000000002        0.0000000000000000     
  0.20000000000000001        0.0000000000000000     
  0.25000000000000000        0.0000000000000000     
  0.30000000000000004        0.0000000000000000     
  0.35000000000000003        0.0000000000000000     
  0.40000000000000002        0.0000000000000000     
  0.45000000000000001        0.0000000000000000     
  0.50000000000000000        0.0000000000000000     
  0.55000000000000004        0.0000000000000000     
  0.60000000000000009        0.0000000000000000     
  0.65000000000000002        0.0000000000000000     
  0.70000000000000007        0.0000000000000000     
  0.75000000000000000        0.0000000000000000     
  0.80000000000000004        0.0000000000000000     
  0.85000000000000009        2.3815842488536040E-006
  0.90000000000000002        1.5187764900169392E-003
  0.95000000000000007        1.5147103863667273E-002
   1.0000000000000000        4.0378069919325570E-002
   1.0500000000000000        6.4279528470704339E-002
   1.1000000000000001        7.5723676934422404E-002
   1.1500000000000001        7.1520291622059598E-002
   1.2000000000000002        6.0314435095616334E-002
   1.2500000000000000        5.1686699034967837E-002
   1.3000000000000000        4.5296698827575997E-002
   1.3500000000000001        4.1351327191609250E-002
   1.4000000000000001        3.9323833484620201E-002
   1.4500000000000002        3.6910469142003334E-002
   1.5000000000000000        3.4426057496314139E-002
   1.5500000000000000        3.1516783734177926E-002
   1.6000000000000001        2.8783967707231014E-002
   1.6500000000000001        2.7693970784433496E-002
   1.7000000000000002        2.7299134243283889E-002
   1.7500000000000000        2.7463424736756545E-002
   1.8000000000000000        2.8121806010265767E-002
   1.8500000000000001        2.9165120694429572E-002
   1.9000000000000001        3.0637860576821770E-002
   1.9500000000000002        3.2939605155062661E-002
   2.0000000000000000        3.5565071149323120E-002
   2.0500000000000003        3.7428730679283019E-002
   2.1000000000000001        3.7335505461904929E-002
   2.1499999999999999        3.6042310668239416E-002
   2.2000000000000002        3.5059460283385635E-002
   2.2500000000000000        3.4274721017086326E-002
   2.3000000000000003        3.3216719566667552E-002
   2.3500000000000001        3.2111579175901565E-002
   2.4000000000000004        3.0789075801611481E-002
   2.4500000000000002        3.0058717657531823E-002
   2.5000000000000000        2.9459275799001296E-002
