   5.0000000000000003E-002   0.0000000000000000     
  0.10000000000000001        0.0000000000000000     
  0.15000000000000002        0.0000000000000000     
  0.20000000000000001        0.0000000000000000     
  0.25000000000000000        0.0000000000000000     
  0.30000000000000004        0.0000000000000000     
  0.35000000000000003        0.0000000000000000     
  0.40000000000000002        0.0000000000000000     
  0.45000000000000001        0.0000000000000000     
  0.50000000000000000        0.0000000000000000     
  0.55000000000000004        0.0000000000000000     
  0.60000000000000009        0.0000000000000000     
  0.65000000000000002        0.0000000000000000     
  0.70000000000000007        0.0000000000000000     
  0.75000000000000000        0.0000000000000000     
  0.80000000000000004        0.0000000000000000     
  0.85000000000000009        0.0000000000000000     
  0.90000000000000002        8.8216139455717432E-003
  0.95000000000000007        5.0968730088410324E-002
   1.0000000000000000        9.0537462789183454E-002
   1.0500000000000000       0.10923630999605340     
   1.1000000000000001        6.6041821264021736E-002
   1.1500000000000001        2.4912105042899375E-002
   1.2000000000000002        3.5303577437140769E-003
   1.2500000000000000        2.6010429522188932E-003
   1.3000000000000000        4.5965811128695407E-003
   1.3500000000000001        4.1858248978339528E-002
   1.4000000000000001       0.11304954618219656     
   1.4500000000000002       0.13332462788378696     
   1.5000000000000000       0.12335906337047801     
   1.5500000000000000        7.1067491123663604E-002
   1.6000000000000001        1.3056407595993294E-002
   1.6500000000000001        3.4231104299896355E-003
   1.7000000000000002        1.3652215047614839E-003
   1.7500000000000000        6.1478286267463260E-004
   1.8000000000000000        3.2738328105545874E-004
   1.8500000000000001        5.1251836754748876E-004
   1.9000000000000001        4.2069714859583095E-003
   1.9500000000000002        3.3362327867630381E-002
   2.0000000000000000        7.8554102531399897E-002
   2.0500000000000003       0.10906668178493202     
   2.1000000000000001        8.4065252130889473E-002
   2.1499999999999999        4.0832367941309275E-002
   2.2000000000000002        2.8057533200814447E-002
   2.2500000000000000        3.3377719694138330E-002
   2.3000000000000003        3.1964176613554253E-002
   2.3500000000000001        2.7897196998897388E-002
   2.4000000000000004        1.6957052234237574E-002
   2.4500000000000002        2.7549852829152396E-002
   2.5000000000000000        3.2881098017310574E-002
