   5.0000000000000003E-002   0.0000000000000000     
  0.10000000000000001        0.0000000000000000     
  0.15000000000000002        0.0000000000000000     
  0.20000000000000001        0.0000000000000000     
  0.25000000000000000        0.0000000000000000     
  0.30000000000000004        0.0000000000000000     
  0.35000000000000003        0.0000000000000000     
  0.40000000000000002        0.0000000000000000     
  0.45000000000000001        0.0000000000000000     
  0.50000000000000000        0.0000000000000000     
  0.55000000000000004        0.0000000000000000     
  0.60000000000000009        0.0000000000000000     
  0.65000000000000002        0.0000000000000000     
  0.70000000000000007        0.0000000000000000     
  0.75000000000000000        0.0000000000000000     
  0.80000000000000004        0.0000000000000000     
  0.85000000000000009        7.8433046773804533E-008
  0.90000000000000002        8.1308459919680054E-003
  0.95000000000000007        5.2402032899342303E-002
   1.0000000000000000        8.7841174369612307E-002
   1.0500000000000000       0.10889892108408541     
   1.1000000000000001        6.6831286646041710E-002
   1.1500000000000001        2.4884352147135899E-002
   1.2000000000000002        3.8678889642597357E-003
   1.2500000000000000        3.1083308617963911E-003
   1.3000000000000000        5.0466138113280951E-003
   1.3500000000000001        4.1801599391892076E-002
   1.4000000000000001       0.11208208325658998     
   1.4500000000000002       0.13121185379849085     
   1.5000000000000000       0.12427937313914186     
   1.5500000000000000        7.1752065657581313E-002
   1.6000000000000001        1.3069339831868077E-002
   1.6500000000000001        3.5176424484138287E-003
   1.7000000000000002        1.4839830065221571E-003
   1.7500000000000000        7.0895629791385814E-004
   1.8000000000000000        4.5586199210265980E-004
   1.8500000000000001        6.4786351611054410E-004
   1.9000000000000001        4.5582633573526482E-003
   1.9500000000000002        3.3934290940953724E-002
   2.0000000000000000        7.8670243070784796E-002
   2.0500000000000003       0.10759156658771522     
   2.1000000000000001        8.4636797487940632E-002
   2.1499999999999999        3.9825179161870949E-002
   2.2000000000000002        2.8334354453379246E-002
   2.2500000000000000        3.3425174968057643E-002
   2.3000000000000003        3.1728445060260464E-002
   2.3500000000000001        2.8113831569615444E-002
   2.4000000000000004        1.7169421036782467E-002
   2.4500000000000002        2.7288179759418850E-002
   2.5000000000000000        3.2508713037418910E-002
