   5.0000000000000003E-002   0.0000000000000000     
  0.10000000000000001        0.0000000000000000     
  0.15000000000000002        0.0000000000000000     
  0.20000000000000001        0.0000000000000000     
  0.25000000000000000        0.0000000000000000     
  0.30000000000000004        0.0000000000000000     
  0.35000000000000003        0.0000000000000000     
  0.40000000000000002        0.0000000000000000     
  0.45000000000000001        0.0000000000000000     
  0.50000000000000000        0.0000000000000000     
  0.55000000000000004        0.0000000000000000     
  0.60000000000000009        0.0000000000000000     
  0.65000000000000002        0.0000000000000000     
  0.70000000000000007        0.0000000000000000     
  0.75000000000000000        0.0000000000000000     
  0.80000000000000004        0.0000000000000000     
  0.85000000000000009        0.0000000000000000     
  0.90000000000000002        7.9627427342467329E-003
  0.95000000000000007        4.9617338614382306E-002
   1.0000000000000000        8.4992920090813426E-002
   1.0500000000000000       0.10496024020946675     
   1.1000000000000001        6.7084571799596981E-002
   1.1500000000000001        2.7918103707785202E-002
   1.2000000000000002        6.6977215585181486E-003
   1.2500000000000000        5.7587005922983625E-003
   1.3000000000000000        8.5729305528628192E-003
   1.3500000000000001        4.2976423318896388E-002
   1.4000000000000001       0.10653724738071918     
   1.4500000000000002       0.12673564568350254     
   1.5000000000000000       0.11784570630970775     
   1.5500000000000000        7.1050493538329290E-002
   1.6000000000000001        1.6189301820793329E-002
   1.6500000000000001        5.7892209007540767E-003
   1.7000000000000002        2.9443724769936726E-003
   1.7500000000000000        1.7769594060376300E-003
   1.8000000000000000        1.2915677414758594E-003
   1.8500000000000001        1.4989755605870907E-003
   1.9000000000000001        5.7665306959390353E-003
   1.9500000000000002        3.3698354332284700E-002
   2.0000000000000000        7.4712014874094318E-002
   2.0500000000000003       0.10259396564397012     
   2.1000000000000001        8.1822064949059359E-002
   2.1499999999999999        4.2056763882338206E-002
   2.2000000000000002        2.9597629676321863E-002
   2.2500000000000000        3.4105394178619575E-002
   2.3000000000000003        3.2146922500324471E-002
   2.3500000000000001        2.9239952047056560E-002
   2.4000000000000004        1.8655061813094898E-002
   2.4500000000000002        2.7223441707034800E-002
   2.5000000000000000        3.2003638364372575E-002
