   5.0000000000000003E-002   0.0000000000000000     
  0.10000000000000001        0.0000000000000000     
  0.15000000000000002        0.0000000000000000     
  0.20000000000000001        0.0000000000000000     
  0.25000000000000000        0.0000000000000000     
  0.30000000000000004        0.0000000000000000     
  0.35000000000000003        0.0000000000000000     
  0.40000000000000002        0.0000000000000000     
  0.45000000000000001        0.0000000000000000     
  0.50000000000000000        0.0000000000000000     
  0.55000000000000004        0.0000000000000000     
  0.60000000000000009        0.0000000000000000     
  0.65000000000000002        0.0000000000000000     
  0.70000000000000007        0.0000000000000000     
  0.75000000000000000        0.0000000000000000     
  0.80000000000000004        0.0000000000000000     
  0.85000000000000009        1.3594035407114806E-006
  0.90000000000000002        5.4795587845505650E-003
  0.95000000000000007        3.6167252910851759E-002
   1.0000000000000000        7.0203453279330086E-002
   1.0500000000000000        9.2504657252018618E-002
   1.1000000000000001        7.4030900006030825E-002
   1.1500000000000001        4.5686087293904117E-002
   1.2000000000000002        2.7057832590879318E-002
   1.2500000000000000        2.3932328827338503E-002
   1.3000000000000000        2.6376585641979436E-002
   1.3500000000000001        4.5677223272772995E-002
   1.4000000000000001        7.8500730369394534E-002
   1.4500000000000002        8.7904049170051346E-002
   1.5000000000000000        8.1483929985629727E-002
   1.5500000000000000        5.6869529922056371E-002
   1.6000000000000001        2.6728527488815941E-002
   1.6500000000000001        1.7898284810275094E-002
   1.7000000000000002        1.4017970270239676E-002
   1.7500000000000000        1.2318507534545522E-002
   1.8000000000000000        1.1866814317034648E-002
   1.8500000000000001        1.2972222248356284E-002
   1.9000000000000001        1.7828864560102412E-002
   1.9500000000000002        3.4876368072738563E-002
   2.0000000000000000        5.8105237199084739E-002
   2.0500000000000003        7.2892374117422706E-002
   2.1000000000000001        6.2817679523352210E-002
   2.1499999999999999        4.2292453893209937E-002
   2.2000000000000002        3.5407893317830681E-002
   2.2500000000000000        3.6631534442017645E-002
   2.3000000000000003        3.5260389569891387E-002
   2.3500000000000001        3.3221964604302136E-002
   2.4000000000000004        2.6584909893913971E-002
   2.4500000000000002        2.8609852787459557E-002
   2.5000000000000000        3.0341875410864347E-002
