   5.0000000000000003E-002   0.0000000000000000     
  0.10000000000000001        0.0000000000000000     
  0.15000000000000002        0.0000000000000000     
  0.20000000000000001        0.0000000000000000     
  0.25000000000000000        0.0000000000000000     
  0.30000000000000004        0.0000000000000000     
  0.35000000000000003        0.0000000000000000     
  0.40000000000000002        0.0000000000000000     
  0.45000000000000001        0.0000000000000000     
  0.50000000000000000        0.0000000000000000     
  0.55000000000000004        0.0000000000000000     
  0.60000000000000009        0.0000000000000000     
  0.65000000000000002        0.0000000000000000     
  0.70000000000000007        0.0000000000000000     
  0.75000000000000000        0.0000000000000000     
  0.80000000000000004        0.0000000000000000     
  0.85000000000000009        2.2710743659303812E-006
  0.90000000000000002        4.1797432607501780E-003
  0.95000000000000007        2.8667164370589596E-002
   1.0000000000000000        6.0735011366111362E-002
   1.0500000000000000        8.5200373629219422E-002
   1.1000000000000001        7.8560641952750046E-002
   1.1500000000000001        5.8371451700638455E-002
   1.2000000000000002        4.1467296791954988E-002
   1.2500000000000000        3.5592260264962657E-002
   1.3000000000000000        3.4664345349369026E-002
   1.3500000000000001        4.5218995278331814E-002
   1.4000000000000001        6.3648629104195109E-002
   1.4500000000000002        6.8381942664500914E-002
   1.5000000000000000        6.3883247375867494E-002
   1.5500000000000000        4.7758436320168685E-002
   1.6000000000000001        2.8856603109895254E-002
   1.6500000000000001        2.2503726101487570E-002
   1.7000000000000002        1.9676659310966228E-002
   1.7500000000000000        1.8657016892023513E-002
   1.8000000000000000        1.8829208028269390E-002
   1.8500000000000001        2.0096873449099797E-002
   1.9000000000000001        2.3834558255584101E-002
   1.9500000000000002        3.4994711493954597E-002
   2.0000000000000000        4.9953491551727340E-002
   2.0500000000000003        5.9674974486785923E-002
   2.1000000000000001        5.4008138103954828E-002
   2.1499999999999999        4.1571793952458892E-002
   2.2000000000000002        3.6893212412599553E-002
   2.2500000000000000        3.7139563063410805E-002
   2.3000000000000003        3.5900579760548224E-002
   2.3500000000000001        3.4028307830373805E-002
   2.4000000000000004        2.9471289257386651E-002
   2.4500000000000002        3.0096265688315881E-002
   2.5000000000000000        3.0572272694466197E-002
